2 2 0 1
2 1 1 2
2 1 0 2
2 0 0 1
3 3 0 1
3 2 2 3
3 2 0 3
3 1 2 3
3 2 1 3
3 1 1 3
3 1 0 3
3 0 0 1
4 4 0 1
4 3 3 4
4 3 2 4
4 2 4 6
4 3 0 4
4 2 5 6
4 2 0 6
4 1 3 4
4 3 1 4
4 2 2 6
4 2 3 6
4 1 2 4
4 2 1 6
4 1 1 4
4 1 0 4
4 0 0 1
5 5 0 1
5 4 4 5
5 4 0 5
5 3 8 10
5 4 1 5
5 3 7 10
5 3 0 10
5 2 7 10
5 4 2 5
5 3 3 10
5 3 9 10
5 2 8 10
5 3 2 10
5 2 2 10
5 2 9 10
5 1 4 5
5 4 3 5
5 3 6 10
5 3 5 10
5 2 5 10
5 3 1 10
5 2 6 10
5 2 0 10
5 1 3 5
5 3 4 10
5 2 3 10
5 2 4 10
5 1 2 5
5 2 1 10
5 1 1 5
5 1 0 5
5 0 0 1
6 6 0 1
6 5 3 6
6 5 4 6
6 4 9 15
6 5 5 6
6 4 14 15
6 4 13 15
6 3 17 20
6 5 1 6
6 4 3 15
6 4 10 15
6 3 13 20
6 4 12 15
6 3 19 20
6 3 16 20
6 2 12 15
6 5 2 6
6 4 7 15
6 4 5 15
6 3 9 20
6 4 0 15
6 3 18 20
6 3 1 20
6 2 13 15
6 4 6 15
6 3 8 20
6 3 7 20
6 2 6 15
6 3 0 20
6 2 14 15
6 2 0 15
6 1 5 6
6 5 0 6
6 4 8 15
6 4 11 15
6 3 12 20
6 4 1 15
6 3 11 20
6 3 15 20
6 2 9 15
6 4 2 15
6 3 4 20
6 3 14 20
6 2 10 15
6 3 3 20
6 2 3 15
6 2 11 15
6 1 4 6
6 4 4 15
6 3 10 20
6 3 6 20
6 2 7 15
6 3 2 20
6 2 8 15
6 2 1 15
6 1 3 6
6 3 5 20
6 2 4 15
6 2 5 15
6 1 2 6
6 2 2 15
6 1 1 6
6 1 0 6
6 0 0 1
7 7 0 1
7 6 6 7
7 6 0 7
7 5 13 21
7 6 1 7
7 5 17 21
7 5 16 21
7 4 26 35
7 6 2 7
7 5 18 21
7 5 20 21
7 4 33 35
7 5 19 21
7 4 30 35
7 4 31 35
7 3 30 35
7 6 3 7
7 5 9 21
7 5 0 21
7 4 14 35
7 5 2 21
7 4 27 35
7 4 3 35
7 3 26 35
7 5 1 21
7 4 29 35
7 4 0 35
7 3 33 35
7 4 1 35
7 3 29 35
7 3 0 35
7 2 17 21
7 6 4 7
7 5 11 21
7 5 12 21
7 4 20 35
7 5 3 21
7 4 17 35
7 4 19 35
7 3 19 35
7 5 5 21
7 4 7 35
7 4 32 35
7 3 32 35
7 4 8 35
7 3 7 35
7 3 31 35
7 2 18 21
7 5 4 21
7 4 18 35
7 4 34 35
7 3 18 35
7 4 5 35
7 3 17 35
7 3 3 35
7 2 10 21
7 4 6 35
7 3 6 35
7 3 34 35
7 2 19 21
7 3 5 35
7 2 3 21
7 2 20 21
7 1 6 7
7 6 5 7
7 5 10 21
7 5 14 21
7 4 21 35
7 5 15 21
7 4 28 35
7 4 25 35
7 3 25 35
7 5 6 21
7 4 9 35
7 4 22 35
7 3 21 35
7 4 24 35
7 3 28 35
7 3 24 35
7 2 14 21
7 5 8 21
7 4 15 35
7 4 12 35
7 3 14 35
7 4 2 35
7 3 27 35
7 3 2 35
7 2 15 21
7 4 13 35
7 3 13 35
7 3 12 35
7 2 7 21
7 3 1 35
7 2 16 21
7 2 0 21
7 1 5 7
7 5 7 21
7 4 16 35
7 4 23 35
7 3 20 35
7 4 4 35
7 3 16 35
7 3 23 35
7 2 11 21
7 4 10 35
7 3 9 35
7 3 22 35
7 2 12 21
7 3 8 35
7 2 4 21
7 2 13 21
7 1 4 7
7 4 11 35
7 3 15 35
7 3 11 35
7 2 8 21
7 3 4 35
7 2 9 21
7 2 1 21
7 1 3 7
7 3 10 35
7 2 5 21
7 2 6 21
7 1 2 7
7 2 2 21
7 1 1 7
7 1 0 7
7 0 0 1
